2
600 600 

100	0	2
200	1	2
300	0	2
400	1	2
500	0	2
600	1	2
700	0	2
800	1	2
900	0	2
1000	1	2
1100	0	2
1200	1	2
1300	0	2
1400	1	2
1500	0	2
1600	1	2
1700	0	2
1800	1	2
1900	0	2
2000	1	2
2100	0	2
2200	1	2
2300	0	2
2400	1	2
2500	0	2
2600	1	2
2700	0	2
2800	1	2
2900	0	2
3000	1	2
3100	0	2
3200	1	2
3300	0	2
3400	1	2
3500	0	2
3600	1	2
3700	0	2
3800	1	2
3900	0	2
4000	1	2
4100	0	2
4200	1	2
4300	0	2
4400	1	2
4500	0	2
4600	1	2
4700	0	2
4800	1	2
4900	0	2
5000	1	2
5100	0	2
5200	1	2
5300	0	2
5400	1	2
5500	0	2
5600	1	2
5700	0	2
5800	1	2
5900	0	2
6000	1	2
6100	0	2
6200	1	2
6300	0	2
6400	1	2
6500	0	2
6600	1	2
6700	0	2
6800	1	2
6900	0	2
7000	1	2
7100	0	2
7200	1	2
7300	0	2
7400	1	2
7500	0	2
7600	1	2
7700	0	2
7800	1	2
7900	0	2
8000	1	2
8100	0	2
8200	1	2
8300	0	2
8400	1	2
8500	0	2
8600	1	2
8700	0	2
8800	1	2
8900	0	2
9000	1	2
9100	0	2
9200	1	2
9300	0	2
9400	1	2
9500	0	2
9600	1	2
9700	0	2
9800	1	2
9900	0	2
10000	1	2
10100	0	2
10200	1	2
10300	0	2
10400	1	2
10500	0	2
10600	1	2
10700	0	2
10800	1	2
10900	0	2
11000	1	2
11100	0	2
11200	1	2
11300	0	2
11400	1	2
11500	0	2
11600	1	2
11700	0	2
11800	1	2
11900	0	2
12000	1	2
12100	0	2
12200	1	2
12300	0	2
12400	1	2
12500	0	2
12600	1	2
12700	0	2
12800	1	2
12900	0	2
13000	1	2
13100	0	2
13200	1	2
13300	0	2
13400	1	2
13500	0	2
13600	1	2
13700	0	2
13800	1	2
13900	0	2
14000	1	2
14100	0	2
14200	1	2
14300	0	2
14400	1	2
14500	0	2
14600	1	2
14700	0	2
14800	1	2
14900	0	2
15000	1	2
15100	0	2
15200	1	2
15300	0	2
15400	1	2
15500	0	2
15600	1	2
15700	0	2
15800	1	2
15900	0	2
16000	1	2
16100	0	2
16200	1	2
16300	0	2
16400	1	2
16500	0	2
16600	1	2
16700	0	2
16800	1	2
16900	0	2
17000	1	2
17100	0	2
17200	1	2
17300	0	2
17400	1	2
17500	0	2
17600	1	2
17700	0	2
17800	1	2
17900	0	2
18000	1	2
18100	0	2
18200	1	2
18300	0	2
18400	1	2
18500	0	2
18600	1	2
18700	0	2
18800	1	2
18900	0	2
19000	1	2
19100	0	2
19200	1	2
19300	0	2
19400	1	2
19500	0	2
19600	1	2
19700	0	2
19800	1	2
19900	0	2
20000	1	2
20100	0	2
20200	1	2
20300	0	2
20400	1	2
20500	0	2
20600	1	2
20700	0	2
20800	1	2
20900	0	2
21000	1	2
21100	0	2
21200	1	2
21300	0	2
21400	1	2
21500	0	2
21600	1	2
21700	0	2
21800	1	2
21900	0	2
22000	1	2
22100	0	2
22200	1	2
22300	0	2
22400	1	2
22500	0	2
22600	1	2
22700	0	2
22800	1	2
22900	0	2
23000	1	2
23100	0	2
23200	1	2
23300	0	2
23400	1	2
23500	0	2
23600	1	2
23700	0	2
23800	1	2
23900	0	2
24000	1	2
24100	0	2
24200	1	2
24300	0	2
24400	1	2
24500	0	2
24600	1	2
24700	0	2
24800	1	2
24900	0	2
25000	1	2
25100	0	2
25200	1	2
25300	0	2
25400	1	2
25500	0	2
25600	1	2
25700	0	2
25800	1	2
25900	0	2
26000	1	2
26100	0	2
26200	1	2
26300	0	2
26400	1	2
26500	0	2
26600	1	2
26700	0	2
26800	1	2
26900	0	2
27000	1	2
27100	0	2
27200	1	2
27300	0	2
27400	1	2
27500	0	2
27600	1	2
27700	0	2
27800	1	2
27900	0	2
28000	1	2
28100	0	2
28200	1	2
28300	0	2
28400	1	2
28500	0	2
28600	1	2
28700	0	2
28800	1	2
28900	0	2
29000	1	2
29100	0	2
29200	1	2
29300	0	2
29400	1	2
29500	0	2
29600	1	2
29700	0	2
29800	1	2
29900	0	2
30000	1	2
30100	0	2
30200	1	2
30300	0	2
30400	1	2
30500	0	2
30600	1	2
30700	0	2
30800	1	2
30900	0	2
31000	1	2
31100	0	2
31200	1	2
31300	0	2
31400	1	2
31500	0	2
31600	1	2
31700	0	2
31800	1	2
31900	0	2
32000	1	2
32100	0	2
32200	1	2
32300	0	2
32400	1	2
32500	0	2
32600	1	2
32700	0	2
32800	1	2
32900	0	2
33000	1	2
33100	0	2
33200	1	2
33300	0	2
33400	1	2
33500	0	2
33600	1	2
33700	0	2
33800	1	2
33900	0	2
34000	1	2
34100	0	2
34200	1	2
34300	0	2
34400	1	2
34500	0	2
34600	1	2
34700	0	2
34800	1	2
34900	0	2
35000	1	2
35100	0	2
35200	1	2
35300	0	2
35400	1	2
35500	0	2
35600	1	2
35700	0	2
35800	1	2
35900	0	2
36000	1	2
36100	0	2
36200	1	2
36300	0	2
36400	1	2
36500	0	2
36600	1	2
36700	0	2
36800	1	2
36900	0	2
37000	1	2
37100	0	2
37200	1	2
37300	0	2
37400	1	2
37500	0	2
37600	1	2
37700	0	2
37800	1	2
37900	0	2
38000	1	2
38100	0	2
38200	1	2
38300	0	2
38400	1	2
38500	0	2
38600	1	2
38700	0	2
38800	1	2
38900	0	2
39000	1	2
39100	0	2
39200	1	2
39300	0	2
39400	1	2
39500	0	2
39600	1	2
39700	0	2
39800	1	2
39900	0	2
40000	1	2
40100	0	2
40200	1	2
40300	0	2
40400	1	2
40500	0	2
40600	1	2
40700	0	2
40800	1	2
40900	0	2
41000	1	2
41100	0	2
41200	1	2
41300	0	2
41400	1	2
41500	0	2
41600	1	2
41700	0	2
41800	1	2
41900	0	2
42000	1	2
42100	0	2
42200	1	2
42300	0	2
42400	1	2
42500	0	2
42600	1	2
42700	0	2
42800	1	2
42900	0	2
43000	1	2
43100	0	2
43200	1	2
43300	0	2
43400	1	2
43500	0	2
43600	1	2
43700	0	2
43800	1	2
43900	0	2
44000	1	2
44100	0	2
44200	1	2
44300	0	2
44400	1	2
44500	0	2
44600	1	2
44700	0	2
44800	1	2
44900	0	2
45000	1	2
45100	0	2
45200	1	2
45300	0	2
45400	1	2
45500	0	2
45600	1	2
45700	0	2
45800	1	2
45900	0	2
46000	1	2
46100	0	2
46200	1	2
46300	0	2
46400	1	2
46500	0	2
46600	1	2
46700	0	2
46800	1	2
46900	0	2
47000	1	2
47100	0	2
47200	1	2
47300	0	2
47400	1	2
47500	0	2
47600	1	2
47700	0	2
47800	1	2
47900	0	2
48000	1	2
48100	0	2
48200	1	2
48300	0	2
48400	1	2
48500	0	2
48600	1	2
48700	0	2
48800	1	2
48900	0	2
49000	1	2
49100	0	2
49200	1	2
49300	0	2
49400	1	2
49500	0	2
49600	1	2
49700	0	2
49800	1	2
49900	0	2
50000	1	2
50100	0	2
50200	1	2
50300	0	2
50400	1	2
50500	0	2
50600	1	2
50700	0	2
50800	1	2
50900	0	2
51000	1	2
51100	0	2
51200	1	2
51300	0	2
51400	1	2
51500	0	2
51600	1	2
51700	0	2
51800	1	2
51900	0	2
52000	1	2
52100	0	2
52200	1	2
52300	0	2
52400	1	2
52500	0	2
52600	1	2
52700	0	2
52800	1	2
52900	0	2
53000	1	2
53100	0	2
53200	1	2
53300	0	2
53400	1	2
53500	0	2
53600	1	2
53700	0	2
53800	1	2
53900	0	2
54000	1	2
54100	0	2
54200	1	2
54300	0	2
54400	1	2
54500	0	2
54600	1	2
54700	0	2
54800	1	2
54900	0	2
55000	1	2
55100	0	2
55200	1	2
55300	0	2
55400	1	2
55500	0	2
55600	1	2
55700	0	2
55800	1	2
55900	0	2
56000	1	2
56100	0	2
56200	1	2
56300	0	2
56400	1	2
56500	0	2
56600	1	2
56700	0	2
56800	1	2
56900	0	2
57000	1	2
57100	0	2
57200	1	2
57300	0	2
57400	1	2
57500	0	2
57600	1	2
57700	0	2
57800	1	2
57900	0	2
58000	1	2
58100	0	2
58200	1	2
58300	0	2
58400	1	2
58500	0	2
58600	1	2
58700	0	2
58800	1	2
58900	0	2
59000	1	2
59100	0	2
59200	1	2
59300	0	2
59400	1	2
59500	0	2
59600	1	2
59700	0	2
59800	1	2
59900	0	2
60000	1	2

100	0	2
200	1	2
300	0	2
400	1	2
500	0	2
600	1	2
700	0	2
800	1	2
900	0	2
1000	1	2
1100	0	2
1200	1	2
1300	0	2
1400	1	2
1500	0	2
1600	1	2
1700	0	2
1800	1	2
1900	0	2
2000	1	2
2100	0	2
2200	1	2
2300	0	2
2400	1	2
2500	0	2
2600	1	2
2700	0	2
2800	1	2
2900	0	2
3000	1	2
3100	0	2
3200	1	2
3300	0	2
3400	1	2
3500	0	2
3600	1	2
3700	0	2
3800	1	2
3900	0	2
4000	1	2
4100	0	2
4200	1	2
4300	0	2
4400	1	2
4500	0	2
4600	1	2
4700	0	2
4800	1	2
4900	0	2
5000	1	2
5100	0	2
5200	1	2
5300	0	2
5400	1	2
5500	0	2
5600	1	2
5700	0	2
5800	1	2
5900	0	2
6000	1	2
6100	0	2
6200	1	2
6300	0	2
6400	1	2
6500	0	2
6600	1	2
6700	0	2
6800	1	2
6900	0	2
7000	1	2
7100	0	2
7200	1	2
7300	0	2
7400	1	2
7500	0	2
7600	1	2
7700	0	2
7800	1	2
7900	0	2
8000	1	2
8100	0	2
8200	1	2
8300	0	2
8400	1	2
8500	0	2
8600	1	2
8700	0	2
8800	1	2
8900	0	2
9000	1	2
9100	0	2
9200	1	2
9300	0	2
9400	1	2
9500	0	2
9600	1	2
9700	0	2
9800	1	2
9900	0	2
10000	1	2
10100	0	2
10200	1	2
10300	0	2
10400	1	2
10500	0	2
10600	1	2
10700	0	2
10800	1	2
10900	0	2
11000	1	2
11100	0	2
11200	1	2
11300	0	2
11400	1	2
11500	0	2
11600	1	2
11700	0	2
11800	1	2
11900	0	2
12000	1	2
12100	0	2
12200	1	2
12300	0	2
12400	1	2
12500	0	2
12600	1	2
12700	0	2
12800	1	2
12900	0	2
13000	1	2
13100	0	2
13200	1	2
13300	0	2
13400	1	2
13500	0	2
13600	1	2
13700	0	2
13800	1	2
13900	0	2
14000	1	2
14100	0	2
14200	1	2
14300	0	2
14400	1	2
14500	0	2
14600	1	2
14700	0	2
14800	1	2
14900	0	2
15000	1	2
15100	0	2
15200	1	2
15300	0	2
15400	1	2
15500	0	2
15600	1	2
15700	0	2
15800	1	2
15900	0	2
16000	1	2
16100	0	2
16200	1	2
16300	0	2
16400	1	2
16500	0	2
16600	1	2
16700	0	2
16800	1	2
16900	0	2
17000	1	2
17100	0	2
17200	1	2
17300	0	2
17400	1	2
17500	0	2
17600	1	2
17700	0	2
17800	1	2
17900	0	2
18000	1	2
18100	0	2
18200	1	2
18300	0	2
18400	1	2
18500	0	2
18600	1	2
18700	0	2
18800	1	2
18900	0	2
19000	1	2
19100	0	2
19200	1	2
19300	0	2
19400	1	2
19500	0	2
19600	1	2
19700	0	2
19800	1	2
19900	0	2
20000	1	2
20100	0	2
20200	1	2
20300	0	2
20400	1	2
20500	0	2
20600	1	2
20700	0	2
20800	1	2
20900	0	2
21000	1	2
21100	0	2
21200	1	2
21300	0	2
21400	1	2
21500	0	2
21600	1	2
21700	0	2
21800	1	2
21900	0	2
22000	1	2
22100	0	2
22200	1	2
22300	0	2
22400	1	2
22500	0	2
22600	1	2
22700	0	2
22800	1	2
22900	0	2
23000	1	2
23100	0	2
23200	1	2
23300	0	2
23400	1	2
23500	0	2
23600	1	2
23700	0	2
23800	1	2
23900	0	2
24000	1	2
24100	0	2
24200	1	2
24300	0	2
24400	1	2
24500	0	2
24600	1	2
24700	0	2
24800	1	2
24900	0	2
25000	1	2
25100	0	2
25200	1	2
25300	0	2
25400	1	2
25500	0	2
25600	1	2
25700	0	2
25800	1	2
25900	0	2
26000	1	2
26100	0	2
26200	1	2
26300	0	2
26400	1	2
26500	0	2
26600	1	2
26700	0	2
26800	1	2
26900	0	2
27000	1	2
27100	0	2
27200	1	2
27300	0	2
27400	1	2
27500	0	2
27600	1	2
27700	0	2
27800	1	2
27900	0	2
28000	1	2
28100	0	2
28200	1	2
28300	0	2
28400	1	2
28500	0	2
28600	1	2
28700	0	2
28800	1	2
28900	0	2
29000	1	2
29100	0	2
29200	1	2
29300	0	2
29400	1	2
29500	0	2
29600	1	2
29700	0	2
29800	1	2
29900	0	2
30000	1	2
30100	0	2
30200	1	2
30300	0	2
30400	1	2
30500	0	2
30600	1	2
30700	0	2
30800	1	2
30900	0	2
31000	1	2
31100	0	2
31200	1	2
31300	0	2
31400	1	2
31500	0	2
31600	1	2
31700	0	2
31800	1	2
31900	0	2
32000	1	2
32100	0	2
32200	1	2
32300	0	2
32400	1	2
32500	0	2
32600	1	2
32700	0	2
32800	1	2
32900	0	2
33000	1	2
33100	0	2
33200	1	2
33300	0	2
33400	1	2
33500	0	2
33600	1	2
33700	0	2
33800	1	2
33900	0	2
34000	1	2
34100	0	2
34200	1	2
34300	0	2
34400	1	2
34500	0	2
34600	1	2
34700	0	2
34800	1	2
34900	0	2
35000	1	2
35100	0	2
35200	1	2
35300	0	2
35400	1	2
35500	0	2
35600	1	2
35700	0	2
35800	1	2
35900	0	2
36000	1	2
36100	0	2
36200	1	2
36300	0	2
36400	1	2
36500	0	2
36600	1	2
36700	0	2
36800	1	2
36900	0	2
37000	1	2
37100	0	2
37200	1	2
37300	0	2
37400	1	2
37500	0	2
37600	1	2
37700	0	2
37800	1	2
37900	0	2
38000	1	2
38100	0	2
38200	1	2
38300	0	2
38400	1	2
38500	0	2
38600	1	2
38700	0	2
38800	1	2
38900	0	2
39000	1	2
39100	0	2
39200	1	2
39300	0	2
39400	1	2
39500	0	2
39600	1	2
39700	0	2
39800	1	2
39900	0	2
40000	1	2
40100	0	2
40200	1	2
40300	0	2
40400	1	2
40500	0	2
40600	1	2
40700	0	2
40800	1	2
40900	0	2
41000	1	2
41100	0	2
41200	1	2
41300	0	2
41400	1	2
41500	0	2
41600	1	2
41700	0	2
41800	1	2
41900	0	2
42000	1	2
42100	0	2
42200	1	2
42300	0	2
42400	1	2
42500	0	2
42600	1	2
42700	0	2
42800	1	2
42900	0	2
43000	1	2
43100	0	2
43200	1	2
43300	0	2
43400	1	2
43500	0	2
43600	1	2
43700	0	2
43800	1	2
43900	0	2
44000	1	2
44100	0	2
44200	1	2
44300	0	2
44400	1	2
44500	0	2
44600	1	2
44700	0	2
44800	1	2
44900	0	2
45000	1	2
45100	0	2
45200	1	2
45300	0	2
45400	1	2
45500	0	2
45600	1	2
45700	0	2
45800	1	2
45900	0	2
46000	1	2
46100	0	2
46200	1	2
46300	0	2
46400	1	2
46500	0	2
46600	1	2
46700	0	2
46800	1	2
46900	0	2
47000	1	2
47100	0	2
47200	1	2
47300	0	2
47400	1	2
47500	0	2
47600	1	2
47700	0	2
47800	1	2
47900	0	2
48000	1	2
48100	0	2
48200	1	2
48300	0	2
48400	1	2
48500	0	2
48600	1	2
48700	0	2
48800	1	2
48900	0	2
49000	1	2
49100	0	2
49200	1	2
49300	0	2
49400	1	2
49500	0	2
49600	1	2
49700	0	2
49800	1	2
49900	0	2
50000	1	2
50100	0	2
50200	1	2
50300	0	2
50400	1	2
50500	0	2
50600	1	2
50700	0	2
50800	1	2
50900	0	2
51000	1	2
51100	0	2
51200	1	2
51300	0	2
51400	1	2
51500	0	2
51600	1	2
51700	0	2
51800	1	2
51900	0	2
52000	1	2
52100	0	2
52200	1	2
52300	0	2
52400	1	2
52500	0	2
52600	1	2
52700	0	2
52800	1	2
52900	0	2
53000	1	2
53100	0	2
53200	1	2
53300	0	2
53400	1	2
53500	0	2
53600	1	2
53700	0	2
53800	1	2
53900	0	2
54000	1	2
54100	0	2
54200	1	2
54300	0	2
54400	1	2
54500	0	2
54600	1	2
54700	0	2
54800	1	2
54900	0	2
55000	1	2
55100	0	2
55200	1	2
55300	0	2
55400	1	2
55500	0	2
55600	1	2
55700	0	2
55800	1	2
55900	0	2
56000	1	2
56100	0	2
56200	1	2
56300	0	2
56400	1	2
56500	0	2
56600	1	2
56700	0	2
56800	1	2
56900	0	2
57000	1	2
57100	0	2
57200	1	2
57300	0	2
57400	1	2
57500	0	2
57600	1	2
57700	0	2
57800	1	2
57900	0	2
58000	1	2
58100	0	2
58200	1	2
58300	0	2
58400	1	2
58500	0	2
58600	1	2
58700	0	2
58800	1	2
58900	0	2
59000	1	2
59100	0	2
59200	1	2
59300	0	2
59400	1	2
59500	0	2
59600	1	2
59700	0	2
59800	1	2
59900	0	2
60000	1	2
